season,designer,look_number,image_url,caption,source_url
fall-2026-ready-to-wear,Zankov,1,https://assets.vogue.com/photos/698e296256a23b6a33a8970d/master/w_2560%2Cc_limit/00001-zankov-fall-2026-ready-to-wear-credit-gorunway.jpg,Look 1,https://www.vogue.com/fashion-shows/fall-2026-ready-to-wear/zankov
fall-2026-ready-to-wear,Zankov,2,https://assets.vogue.com/photos/698e29635a8647c1883e09ec/master/w_2560%2Cc_limit/00002-zankov-fall-2026-ready-to-wear-credit-gorunway.jpg,Look 2,https://www.vogue.com/fashion-shows/fall-2026-ready-to-wear/zankov
fall-2026-ready-to-wear,Zankov,3,https://assets.vogue.com/photos/698e2963ec7585be09cfd440/master/w_2560%2Cc_limit/00003-zankov-fall-2026-ready-to-wear-credit-gorunway.jpg,Look 3,https://www.vogue.com/fashion-shows/fall-2026-ready-to-wear/zankov
fall-2026-ready-to-wear,Zankov,4,https://assets.vogue.com/photos/698e296572c3a8c00c18e07e/master/w_2560%2Cc_limit/00004-zankov-fall-2026-ready-to-wear-credit-gorunway.jpg,Look 4,https://www.vogue.com/fashion-shows/fall-2026-ready-to-wear/zankov
fall-2026-ready-to-wear,Zankov,5,https://assets.vogue.com/photos/698e2966346412733c42f790/master/w_2560%2Cc_limit/00005-zankov-fall-2026-ready-to-wear-credit-gorunway.jpg,Look 5,https://www.vogue.com/fashion-shows/fall-2026-ready-to-wear/zankov
fall-2026-ready-to-wear,Zankov,6,https://assets.vogue.com/photos/698e29670c62710370c542de/master/w_2560%2Cc_limit/00006-zankov-fall-2026-ready-to-wear-credit-gorunway.jpg,Look 6,https://www.vogue.com/fashion-shows/fall-2026-ready-to-wear/zankov
fall-2026-ready-to-wear,Zankov,7,https://assets.vogue.com/photos/698e29eb7d543e646bfbb91f/master/w_1280%2Cc_limit/00001-zankov-fall-2026-ready-to-wear-credit-gorunway.jpg,Fall 2026 Ready-to-Wear,https://www.vogue.com/fashion-shows/fall-2026-ready-to-wear/zankov
fall-2026-ready-to-wear,Zankov,8,https://assets.vogue.com/photos/68c83fc6987b943b4e1500e2/master/w_1280%2Cc_limit/_OBY0013.jpg,Spring 2026 Ready-to-Wear,https://www.vogue.com/fashion-shows/fall-2026-ready-to-wear/zankov
fall-2026-ready-to-wear,Zankov,9,https://assets.vogue.com/photos/67a9452a503079ee81455068/master/w_1280%2Cc_limit/00001-zankov-fall-2025-ready-to-wear-credit-willow-williams-brand.jpg,Fall 2025 Ready-to-Wear,https://www.vogue.com/fashion-shows/fall-2026-ready-to-wear/zankov
fall-2026-ready-to-wear,Zankov,10,https://assets.vogue.com/photos/66ddfc5a30c83af8c02ff1a3/master/w_1280%2Cc_limit/00001-zankov-spring-2025-ready-to-wear-credit-diego-bendezu-zankov.jpg,Spring 2025 Ready-to-Wear,https://www.vogue.com/fashion-shows/fall-2026-ready-to-wear/zankov
fall-2026-ready-to-wear,Zankov,11,https://assets.vogue.com/photos/65c9cf1ffd38a29b96722dfb/master/w_1280%2Cc_limit/00001-zankov-fall-2024-ready-to-wear-credit-brand.jpg,Fall 2024 Ready-to-Wear,https://www.vogue.com/fashion-shows/fall-2026-ready-to-wear/zankov
fall-2026-ready-to-wear,Zankov,12,https://assets.vogue.com/photos/64ff22cb8234d336db9b6541/master/w_1280%2Cc_limit/00001-zankov-ss24-ready%2520to%2520wear-credit-johnson%2520lui.jpg,Spring 2024 Ready-to-Wear,https://www.vogue.com/fashion-shows/fall-2026-ready-to-wear/zankov
